49

1 3
1 4
2 3
2 5
2 6
3 4
3 5
3 6
4 6
4 39
5 6
5 18
5 19
5 49
6 19
6 39
6 41
6 44
6 45
6 49
7 8
7 9
7 13
8 9
8 13
8 14
9 11
9 12
9 13
10 11
10 13
11 12
11 13
12 13
13 14
13 15
14 15
14 16
14 17
15 16
15 17
15 18
15 20
15 49
16 17
16 49
17 18
17 49
18 19
18 20
18 49
19 20
19 40
19 41
19 44
19 49
20 21
20 40
20 49
21 22
21 40
22 42
22 43
23 24
23 25
23 31
23 32
23 36
23 37
24 25
24 35
24 36
25 26
25 28
25 30
25 31
25 34
26 34
27 33
27 44
27 45
27 46
27 48
28 29
28 30
28 34
29 30
29 31
29 32
29 33
30 31
30 34
31 32
31 33
32 33
32 37
32 46
32 47
33 46
35 36
35 42
36 37
36 38
36 42
37 38
37 44
37 47
38 41
38 42
38 43
38 44
39 45
39 48
40 41
41 43
41 44
42 43
44 45
44 46
44 47
45 46
45 48
46 47
